3,2
3,1
3,3
10,98
10,146
10,226
10,220
10,30
10,144
10,114
10,1
10,170
10,2
10,3
11,26
11,10
11,20
11,6
11,1
11,16
11,2
11,3
9,7
9,4
9,1
9,6
9,2
9,3
8,4
8,7
8,15
8,14
8,9
8,11
8,1
8,17
8,2
8,3
12,2
12,1
12,3
20,2
20,1
20,3
19,2
19,1
19,3
110,3
110,2
110,1
110,0
109,3
109,2
109,1
109,0
108,3
108,2
108,1
108,0
107,3
107,2
107,1
107,0
106,3
106,2
106,1
18,1
106,0
105,3
105,2
105,1
18,3
105,0
104,3
104,2
104,1
104,0
103,6
103,5
103,4
103,3
103,2
103,1
103,0
102,3
102,2
102,1
102,0
101,3
101,2
101,1
101,0
98,5
98,4
98,3
98,2
98,1
98,0
97,3
97,2
97,1
97,0
96,3
96,2
96,1
96,0
90,3
90,2
90,1
2,2
2,1
90,0
85,3
85,2
85,1
2,3
85,0
81,3
